the:                  0.9
of:                   0.6923076923076923
it:                   0.6923076923076923
to:                   0.6692307692307692
things:               0.6461538461538462
ball:                 0.6461538461538462
is:                   0.6461538461538462
shoe:                 0.6461538461538462
and:                  0.6461538461538462
glad:                 0.6230769230769231
that:                 0.6230769230769231
don:                  0.6230769230769231
talk:                 0.6230769230769231
rubber:               0.6230769230769231
sits:                 0.6230769230769231
mat:                  0.6230769230769231
lead:                 0.6230769230769231
back:                 0.6230769230769231
under:                0.6230769230769231
gravity:              0.6230769230769231
soma:                 0.6230769230769231
way:                  0.6230769230769231
do:                   0.6230769230769231
wentworth:            0.6230769230769231
as:                   0.6230769230769231
quite:                0.6230769230769231
something:            0.6230769230769231
which:                0.6230769230769231
over-shoe:            0.6
on:                   0.6
oval:                 0.6
an:                   0.6
tethered:             0.6
small:                0.6
wedge:                0.6
torre:                0.6
another:              0.6
has:                  0.6
got:                  0.6
plenty:               0.6
most:                 0.6
enjoy:                0.6
uso:                  0.6
recalls:              0.6
someone:              0.6
aptly:                0.6
describing:           0.6
work:                 0.6
being:                0.6
extrovert:            0.6
holding:              0.6
adding:               0.6
if:                   0.6
does:                 0.6
not:                  0.6
have:                 0.6
courage:              0.6
common:               0.6
human:                0.6
condition:            0.6
where:                0.6
you:                  0.6
think:                0.6
doing:                0.6
but:                  0.6
didn:                 0.6
make:                 0.6
move:                 0.6
title:                0.6
relates:              0.6
works:                0.6
possible:             0.6
narrativa:            0.6
interpretation:       0.6
keen:                 0.6
avoid:                0.6
