addresses: 3.33E+10
severe: 0.8558
uncertainty: 0.8481
applied: 0.8225
bus: 0.8074
budget: 0.802
comes: 0.7906
church: 0.7906
protecting: 0.7803666666666667
tensions: 0.7783
not reach: -0.9382
not engagement: -0.92795
not hacks: -0.9170000000000001
not establishment: -0.8989666666666668
not welcome: -0.8807
