prevented: 0.999
enjoy: 0.8558
compete: 0.8481
winner: 0.8225
suburban: 0.8074
loves: 0.802
entitled: 0.7906
helps: 0.7906
exports: 0.7803666666666667
wins: 0.7783
favorite: 0.775
sake: 0.765
competing: 0.7579
loyal: 0.7466166666666667
expertise: 0.7351
hero: 0.7199000000000001
remarkable: 0.7147
celebrate: 0.7137
compassion: 0.7096
assembly: 0.7096
