row: 0.9578
witnesses: 0.9246
trapped: 0.9201
shoot: 0.91
waste: 0.9022
temporary: 0.8934
perpetrators: 0.8834
cruel: 0.8795250000000001
requested: 0.8625
penalty: 0.8602166666666667
injury: 0.85578
deport: 0.8555
rape: 0.8519
attacker: 0.83206
prosecuted: 0.8317249999999999
beating: 0.8302250000000001
survive: 0.8225
torture: 0.8163
weak: 0.80145
bomber: 0.795125
destruction: 0.78695
