girlfriend: 0.9403
gunfire: 0.9169
rape: 0.9146
assassination: 0.8767
tortured: 0.8659
witnesses: 0.8652
cruel: 0.8629
murdered: 0.862825
sheriff: 0.8591
replied: 0.8481
videos: 0.8442
ambassador: 0.8425
attacker: 0.82332
remote: 0.8225
anger: 0.8222
shoot: 0.8201
killings: 0.8145
variety: 0.8126
substance: 0.8126
raping: 0.81225
