mistakes: 0.9584
bid: 0.9493
distrust: 0.9201
injury: 0.8982999999999999
persistent: 0.8957
constitution: 0.8934
upheld: 0.8834
attacker: 0.88275
cruel: 0.8614571428571427
unfair: 0.8591
riot: 0.8584666666666666
unusual: 0.8560636363636362
raping: 0.84993
speculation: 0.8481
theft: 0.8481
revealed: 0.8442
constitutionally: 0.8346
suicide: 0.8236209302325581
perpetrators: 0.8176
terrorism: 0.8066826086956521
accident: 0.8035833333333334
